12,2,벤쯔,3
7,3,벤쯔,3,몰라요
10,1,라쎄티,3
6,3,벤쯔,1,싫어요
9,1,아반테,2
12,1,아반테,5
12,1,아반테,2
6,3,아반테,5,싫어요
7,1,벤쯔,1
1,1,아반테,3
6,3,BMW,1,그냥이요
12,2,BMW,5
7,1,그랜저,2
4,2,벤쯔,5
5,1,벤쯔,5
11,3,그랜저,5,몰라요
1,3,벤쯔,2,싫어요
6,3,아반테,5,몰라요
10,1,벤쯔,1
5,2,벤쯔,2
1,3,그랜저,5,몰라요
4,1,그랜저,2
3,1,아반테,4
8,2,벤쯔,1
5,3,그랜저,3,그냥이요
4,1,벤쯔,3
10,2,그랜저,4
7,1,벤쯔,3
8,1,라쎄티,1
5,2,아반테,3
11,1,BMW,2
1,3,벤쯔,4,싫어요
3,1,아반테,2
5,1,그랜저,4
7,1,라쎄티,3
2,1,라쎄티,1
9,2,아반테,1
5,3,라쎄티,1,싫어요
12,2,라쎄티,2
12,1,아반테,4
6,2,그랜저,1
12,2,아반테,4
6,1,BMW,4
5,3,라쎄티,3,싫어요
9,1,아반테,4
5,3,그랜저,1,싫어요
9,2,그랜저,3
5,1,라쎄티,3
6,2,그랜저,5
4,1,아반테,3
9,2,벤쯔,3
1,3,아반테,1,그냥이요
2,2,라쎄티,3
11,2,그랜저,5
4,2,BMW,1
6,1,BMW,2
2,3,그랜저,5,몰라요
9,1,라쎄티,2
9,2,라쎄티,1
2,2,라쎄티,4
9,3,라쎄티,5,몰라요
8,2,라쎄티,1
6,1,그랜저,3
2,2,라쎄티,2
5,1,라쎄티,5
6,2,아반테,2
7,1,라쎄티,1
10,1,BMW,4
3,3,BMW,2,그냥이요
8,2,라쎄티,2
10,3,벤쯔,5,그냥이요
10,2,아반테,5
3,1,아반테,1
7,1,BMW,1
2,3,라쎄티,3,싫어요
12,1,아반테,3
1,3,라쎄티,2,몰라요
2,2,라쎄티,4
2,3,아반테,5,싫어요
11,1,BMW,2
10,1,그랜저,4
9,2,그랜저,3
2,3,BMW,5,싫어요
8,2,아반테,4
6,1,벤쯔,5
11,2,그랜저,2
3,2,벤쯔,1
6,3,그랜저,5,싫어요
8,2,아반테,5
11,2,라쎄티,5
8,2,BMW,3
12,3,아반테,2,싫어요
11,3,벤쯔,1,싫어요
1,1,BMW,4
12,1,아반테,5
10,2,라쎄티,3
6,1,벤쯔,4
3,2,벤쯔,5
12,3,BMW,2,그냥이요
1,3,BMW,3,싫어요
